0.00853109173476696 0.39434030652046204
0.06598179636437909 0.448468017578125
0.0026682729367166758 0.804728627204895
0.7762675881385803 403.26507568359375
0.004385964912280702 0.007874015748031496
0.001436425260682454 0.006143222873783874
0.008744508491860651 0.030428116796687096
0.017774343490600586 4.160117149353027
0.0 179.8736114501953
0.0 403.73309326171875
0.0 198.039794921875
-0.5 0.49
0.00019979314451691848 0.05391078049261618
0.00108988124190843 0.3894684646018947
0.0003235937770819683 0.07707702581713863
-848.5936279296875 -303.9082946777344
-5.35082483291626 96.59705352783203
-55.78422164916992 28.183120727539062
-20.430021286010742 33.561004638671875
-23.257389068603516 22.148632049560547
-26.764631271362305 17.66994285583496
-25.929208755493164 13.087050437927246
-25.701900482177734 6.509427547454834
-23.75240135192871 7.503787517547607
-19.606725692749023 24.083011627197266
-17.06131362915039 13.990680694580078
-15.884318351745605 18.973047256469727
-14.072690963745117 18.660755157470703
-11.013116836547852 20.837190628051758
-13.097034454345703 16.2799072265625
-12.386656761169434 12.927274703979492
-12.482885360717773 12.696589469909668
-8.359121322631836 17.468494415283203
-11.590107917785645 17.527019500732422
-9.963973045349121 21.608226776123047
-10.978785514831543 14.69141960144043
-8.023951530456543 12.567095756530762
-10.571474075317383 11.992232322692871
-6.957239151000977 14.08549690246582
-10.03576374053955 13.078927040100098
-6.100457191467285 19.3919620513916
-6.8134446144104 13.072355270385742
-3.940873622894287 14.671142578125
-6.319834232330322 11.458678245544434
-4.676370620727539 14.155158042907715
-7.607673168182373 12.045220375061035
-4.631626129150391 14.516737937927246
-5.858744144439697 11.779911994934082
-4.095454692840576 13.717196464538574
-6.19129753112793 10.945831298828125
-5.138330459594727 12.600812911987305
-6.8980512619018555 10.140273094177246
-4.690134525299072 12.744277954101562
-5.599514961242676 11.508167266845703
-4.068604469299316 11.113859176635742
-5.829812526702881 8.360845565795898
-3.7412683963775635 7.813691139221191
-5.255528450012207 6.399393558502197
-3.947064161300659 6.4603190422058105
-4.948446750640869 5.90885066986084
-4.1021294593811035 10.11259937286377
-4.812098979949951 7.621523857116699
-3.374258041381836 7.770601272583008
-5.629134178161621 4.789814472198486
-4.046397686004639 5.896531105041504
119.10189056396484 223.59848022460938
21.570178985595703 82.36859130859375
12.084879875183105 53.51311111450195
12.794062614440918 35.68301010131836
9.688043594360352 36.72053527832031
8.528796195983887 34.007877349853516
7.1792449951171875 23.142831802368164
7.957415580749512 25.101337432861328
6.506150722503662 24.703784942626953
5.969323635101318 27.42612075805664
5.0097222328186035 23.569379806518555
5.155938625335693 25.4587459564209
4.746208190917969 20.380489349365234
3.881756067276001 26.793384552001953
4.519479274749756 24.58725357055664
3.212474822998047 21.22749137878418
3.8035836219787598 22.76295280456543
3.163206100463867 24.62073516845703
4.0686445236206055 19.714881896972656
3.2826879024505615 21.20725440979004
3.819844961166382 20.51475715637207
3.2260396480560303 23.229934692382812
4.002777099609375 17.971479415893555
2.9236679077148438 20.770893096923828
3.7802846431732178 22.802059173583984
2.769556999206543 21.10363006591797
3.1164278984069824 18.22612953186035
2.4343395233154297 20.1971435546875
2.645221710205078 17.658935546875
2.3522071838378906 19.39320945739746
2.9184858798980713 17.254650115966797
2.564746141433716 16.821985244750977
2.7104387283325195 16.8872127532959
2.321711540222168 16.493749618530273
2.660714864730835 16.918909072875977
2.2370781898498535 15.246236801147461
2.6449203491210938 14.536336898803711
2.266364336013794 16.43627166748047
3.104304075241089 14.153873443603516
2.2994792461395264 15.103904724121094
2.4193639755249023 13.857565879821777
2.0898027420043945 14.235236167907715
2.3779706954956055 13.228654861450195
2.2272629737854004 13.92520809173584
2.3934922218322754 12.932140350341797
2.379477024078369 14.36618423461914
2.353299379348755 14.413723945617676
1.9157065153121948 10.903985977172852
2.237715482711792 11.404200553894043
2.306292772293091 11.53995418548584
-572.3314208984375 11.509897232055664
74.70339965820312 238.07740783691406
0.3284349739551544 127.66548919677734
20.14350700378418 104.875244140625
0.5702679753303528 89.53685760498047
0.5684590339660645 64.02349090576172
0.9805870652198792 71.26312255859375
0.0 66.67822265625
0.0 48.01630783081055
0.21554404497146606 77.57861328125
0.546877920627594 61.34233093261719
0.5177867412567139 84.46142578125
1.3960264921188354 83.43678283691406
0.671799898147583 81.79615783691406
0.7439181208610535 89.9344482421875
0.8067861795425415 79.02037048339844
0.14298459887504578 79.32121276855469
0.4204898476600647 92.42927551269531
0.1556732952594757 85.91557312011719
0.2972107529640198 80.29240417480469
0.0 79.15621948242188
0.6119256615638733 82.36701965332031
0.20570334792137146 69.26205444335938
1.0665161609649658 78.0102767944336
0.6232937574386597 73.47787475585938
2.7701048851013184 91.6464614868164
0.5391337275505066 79.72587585449219
2.6565604209899902 78.58110809326172
0.4293370842933655 66.17039489746094
1.9251831769943237 72.33938598632812
1.6412174701690674 68.28893280029297
1.218505620956421 72.64706420898438
0.3768254816532135 63.90642547607422
1.5111643075942993 67.82350158691406
0.9065282344818115 63.9952278137207
3.554337501525879 66.6312255859375
0.595649242401123 62.156394958496094
1.4982094764709473 59.78025817871094
0.731860876083374 60.33073043823242
2.110161781311035 62.47471618652344
1.5132989883422852 56.969120025634766
2.9699275493621826 62.09748077392578
1.3071174621582031 54.44450759887695
3.3223137855529785 57.636505126953125
1.1981911659240723 52.89593505859375
1.5386731624603271 53.85511779785156
0.8714089393615723 51.84999465942383
1.8613348007202148 52.336647033691406
0.7427443265914917 48.31298065185547
2.8234777450561523 51.58872985839844
0.3672144114971161 0.8364322185516357
0.3222008943557739 0.859350323677063
0.31773918867111206 0.8586018085479736
0.3560325801372528 0.865664541721344
0.37554994225502014 0.857271134853363
0.3688143789768219 0.8123056292533875
0.32256150245666504 0.8267272114753723
0.3416016697883606 0.8395352363586426
0.38134336471557617 0.8478291034698486
0.4120860695838928 0.8374964594841003
0.4187663793563843 0.8177014589309692
0.44538334012031555 0.825760006904602
1.8372209353856306e-07 15.692225456237793
1.9711436038960528e-07 0.9069522619247437
1.456998290905176e-07 0.10960575938224792
4.839579403892458e-08 0.15149374306201935
1.7403138485860836e-07 0.5958198308944702
4.055101726407884e-06 1.5941165685653687
8.09891935205087e-06 2.3513684272766113
2.5124121748376638e-05 4.780340194702148
3.17181802529376e-05 7.303798675537109
4.679518679040484e-05 8.169831275939941
5.284099097480066e-05 9.13010311126709
1.3156603017705493e-05 18.569141387939453
2.1713509340770543e-05 11.559157371520996
3.629888306022622e-05 24.25845718383789
0.00015269384311977774 66.47836303710938
0.00013400460011325777 60.09535598754883
8.982050349004567e-05 48.524810791015625
5.762204455095343e-05 120.88856506347656
4.7391386033268645e-05 128.7101593017578
5.2385657909326255e-05 35.34898376464844
3.24862303386908e-05 20.301467895507812
4.806812648894265e-05 22.718738555908203
6.782976561225951e-05 29.937055587768555
1.8084525436279364e-05 43.167964935302734
1.068147048499668e-05 61.777828216552734
1.5797755622770637e-05 54.79224395751953
9.471184966969304e-06 123.0111312866211
1.0965849469357636e-05 150.4854736328125
1.1776789506257046e-05 139.67446899414062
8.77886668604333e-06 162.28329467773438
3.870363798341714e-06 40.44778060913086
2.4053367724263808e-06 24.408180236816406
1.9298825009173015e-06 20.165557861328125
1.5021557828731602e-06 23.45370101928711
1.1420955843277625e-06 24.449636459350586
1.085338908524136e-06 30.467405319213867
1.6405332416979945e-06 59.341304779052734
1.4291759953266592e-06 46.127838134765625
1.5031707789603388e-06 43.6534423828125
1.7038024680005037e-06 49.5581169128418
8.903303410079388e-07 56.65422058105469
6.825459877290996e-07 76.97650146484375
1.0369406027166406e-06 38.67482376098633
3.7407821764645632e-06 30.79929542541504
4.710187567980029e-06 60.785953521728516
2.2077283574617468e-06 20.168481826782227
9.14762097181665e-07 18.701766967773438
4.903257604382816e-07 15.699889183044434
1.0102021406055428e-06 15.505212783813477
1.8856715087167686e-06 20.61385726928711
4.0815175452735275e-06 35.702659606933594
1.943274810400908e-06 10.849264144897461
3.341112460475415e-06 9.757390022277832
3.0207631880330155e-06 10.073968887329102
2.055792037936044e-06 8.756311416625977
2.189398401242215e-06 4.9627156257629395
2.4465193746436853e-06 19.736108779907227
2.1943242245470174e-06 36.91341781616211
2.102337248288677e-06 5.738115310668945
1.0108166179634281e-06 5.4396185874938965
2.184094910262502e-06 5.846519947052002
2.530439360270975e-06 8.665299415588379
3.6523977087199455e-06 8.431268692016602
2.0890847736154683e-06 5.911317825317383
2.6576842628855957e-06 1.304135799407959
1.6252679415629245e-06 2.429503917694092
1.1738854936993448e-06 3.1904420852661133
1.2345896038823412e-06 6.159247875213623
8.161125037986494e-07 5.706236362457275
5.251305310594034e-07 1.745215654373169
5.770370989921503e-07 2.392275333404541
2.852404463737912e-07 3.233053207397461
1.8126694101283647e-07 6.160102367401123
4.872434260505543e-07 2.4313347339630127
4.3502569724296336e-07 2.819355010986328
3.319460404327401e-07 2.721236228942871
3.486755986159551e-07 1.6493568420410156
4.234133257341455e-07 2.7029612064361572
2.8764992521246313e-07 2.520812749862671
3.9976404764274776e-07 3.3176767826080322
4.486679472393007e-07 5.415335655212402
5.746578608523123e-07 4.565098762512207
8.059061542553536e-07 2.2701780796051025
5.116060037835268e-07 7.7996745109558105
2.7205297215004975e-07 1.9617185592651367
3.6994816809965414e-07 1.9076812267303467
4.693648065767775e-07 1.0075886249542236
9.736758102008025e-07 0.7464235424995422
1.303033627664263e-06 0.7412868738174438
1.757063046170515e-06 0.6385130286216736
1.8006785467150621e-06 0.7865732908248901
1.0741991900431458e-06 0.49993160367012024
1.2957631270182901e-06 0.2810381054878235
1.4103653711572406e-06 0.27478137612342834
7.755771775919129e-07 0.5038540959358215
1.8176326932461961e-07 0.20985807478427887
2.9789379141220707e-07 0.23797254264354706
5.590418368228711e-07 0.273362934589386
7.598135880471091e-07 0.341530442237854
5.914309326726652e-07 0.3037341237068176
5.538549885386601e-07 0.20186421275138855
5.757409553552861e-07 0.21511615812778473
5.245605052550673e-07 0.22155407071113586
4.067526617745898e-07 0.1789771020412445
4.3447778352856403e-07 0.357246994972229
1.332042387502952e-07 0.25033360719680786
1.2416984418450738e-07 0.12390309572219849
1.3400243403793866e-07 0.08912801742553711
1.7173952926441416e-07 0.0718846321105957
1.3981018298636627e-07 0.06961379945278168
2.735940256570757e-07 0.03823474049568176
2.172811264244956e-07 0.04739188402891159
1.8139930091365386e-07 0.06899110972881317
1.275547845125402e-07 0.026643427088856697
1.0646163417504795e-07 0.03741367533802986
8.698125952832925e-08 0.03590162470936775
7.79717908017119e-08 0.03136023133993149
8.643509374905989e-08 0.029548760503530502
7.232007703805721e-08 0.02885797992348671
7.849293837125515e-08 0.03092437982559204
1.2825282169615093e-07 0.042325034737586975
1.1041399972100407e-07 0.0559418760240078
1.1763058438418739e-07 0.06915586441755295
2.6794600671564694e-07 0.06197946518659592
2.3770525103827822e-07 0.0441216304898262
1.8658398914794816e-07 0.03258609026670456
1.0654844828650312e-07 0.0175747349858284
6.684420128522106e-09 0.0017080354737117887
11.115605109937379 29.051496308368872
10.045243017352501 21.158705259055452
12.507799784358316 23.439649072605604
12.949519552903553 20.769851428521054
13.937221718389035 21.442958579491428
14.760779776920351 22.92658596450186
36.02256113746572 48.85293339452413
